[acq_params]
adc_offset = 45
amplitude = 1.0
p90_us = 3.8
deadtime_us = 10.0
tau_us = 3500.0
deblank_us = 1.0
sw_khz = 3.9
acq_time_ms = 1024.0
nscans = 1
thermal_nscans = 2
carrierfreq_mhz = 14.8796384139
nechoes = 1
startconstant = 0.15
stopconstant = 2.0
gamma_eff_mhz_g = 0.004266595876506597
field_width = 8.0

[sample_params]
concentration = 0.00031
krho_cold = 900.0
krho_hot = 1200.0
t1water_hot = 2.98
t1water_cold = 2.17
repetition_us = 12000000.0
guessed_mhz_to_ghz = 1.5167
guessed_phalf = 0.2

[odnp_params]
max_power = 2.51
power_steps = 14
num_t1s = 8
uw_dip_center_ghz = 9.818964646464648
uw_dip_width_ghz = 0.02
fir_rep = 3879198.125488154

[file_names]
date = 230921
chemical = N187_A1_pRbatch230828
type = field
field_counter = 1

