[acq_params]
amplitude = 0.1
p90_us = 3.8
beta_90_s_sqrtw = 1.8e-05
deadtime_us = 10.0
tau_us = 3500.0
deblank_us = 50.0
acq_time_ms = 10.000119999999999
sw_khz = 3.9
nscans = 2
thermal_nscans = 3
carrierfreq_mhz = 14.864299281000001
nechoes = 1
startconstant = 0.15
stopconstant = 2.0
gamma_eff_mhz_g = 0.004290912738842444
field_width = 10.0
adc_offset = 38

[sample_params]
concentration = 0.0001
krho_cold = 380.0
krho_hot = 260.0
t1water_hot = 2.98
t1water_cold = 2.17
repetition_us = 1000000.0
guessed_mhz_to_ghz = 1.5165
guessed_phalf = 0.3

[odnp_params]
max_power = 2.51
num_t1s = 2
uw_dip_center_ghz = 9.801714
uw_dip_width_ghz = 0.02
fir_rep = 500000.0
min_dbm_step = 1.0

[file_names]
chemical = I21_A_MTSL_Rasbatch250129
type = nutation
date = 250207

