[acq_params]
amplitude = 0.1
p90_us = 3.8
beta_90_s_sqrtw = 1.7e-05
deadtime_us = 10.0
tau_us = 3500.0
deblank_us = 50.0
acq_time_ms = 10.000119999999999
sw_khz = 200.0
nscans = 1
thermal_nscans = 2
carrierfreq_mhz = 14.890416444000001
nechoes = 1
startconstant = 0.15
stopconstant = 2.0
gamma_eff_mhz_g = 0.0042906336806722584
field_width = 10.0
adc_offset = 38

[sample_params]
concentration = 0.000375
krho_cold = 380.0
krho_hot = 260.0
t1water_hot = 2.98
t1water_cold = 2.17
repetition_us = 1000000.0
guessed_mhz_to_ghz = 1.5165
guessed_phalf = 0.3

[odnp_params]
max_power = 2.51
num_t1s = 4
uw_dip_center_ghz = 9.818936
uw_dip_width_ghz = 0.04
fir_rep = 4618186.04470962
power_steps = 10
min_dbm_step = 1.0

[file_names]
chemical = L56_A_MTSL_Rasbatch250129
type = ODNP
date = 250210
noise_counter = 2
echo_counter = 1
field_counter = 3
odnp_counter = 1

