[acq_params]
adc_offset = 48
amplitude = 1.0
p90_us = 5.9
deadtime_us = 10.0
tau_us = 3500.0
deblank_us = 1.0
sw_khz = 3.9
acq_time_ms = 1024.0
nscans = 1
thermal_nscans = 2
carrierfreq_mhz = 14.8743122586
nechoes = 1
startconstant = 0.15
stopconstant = 2.0
gamma_eff_mhz_g = 0.004270317817769323
field_width = 8.0

[sample_params]
concentration = 0.0001857581
krho_cold = 900.0
krho_hot = 1200.0
t1water_hot = 2.98
t1water_cold = 2.17
repetition_us = 12000000.0
guessed_mhz_to_ghz = 1.5149
guessed_phalf = 0.2

[odnp_params]
max_power = 2.51
power_steps = 14
num_t1s = 8
uw_dip_center_ghz = 9.818986064213565
uw_dip_width_ghz = 0.008
fir_rep = 3581147.6154974024

[file_names]
date = 231102
chemical = N187_B1_3_pRbatch231016
type = field
field_counter = 1

